10
0.0 0.0189573 0.0265694 0.0142373 0.0116702 0.0185998 0.0130351 0.0230372 0.0364405 0.0176276
0.0189573 0.0 0.02616 0.0154586 0.0144031 0.01654 0.0150104 0.0183186 0.0374273 0.0193849
0.0265694 0.02616 0.0 0.0293747 0.0269007 0.0305557 0.0269717 0.0319238 0.0399414 0.0310599
0.0142373 0.0154586 0.0293747 0.0 0.0111037 0.0180937 0.0109884 0.0204994 0.0382891 0.0173812
0.0116702 0.0144031 0.0269007 0.0111037 0.0 0.0185372 0.00727557 0.0195903 0.0383823 0.0191449
0.0185998 0.01654 0.0305557 0.0180937 0.0185372 0.0 0.0149367 0.0109588 0.0413305 0.0183086
0.0130351 0.0150104 0.0269717 0.0109884 0.00727557 0.0149367 0.0 0.0170626 0.0376107 0.0160695
0.0230372 0.0183186 0.0319238 0.0204994 0.0195903 0.0109588 0.0170626 0.0 0.0407209 0.0223065
0.0364405 0.0374273 0.0399414 0.0382891 0.0383823 0.0413305 0.0376107 0.0407209 0.0 0.0452756
0.0176276 0.0193849 0.0310599 0.0173812 0.0191449 0.0183086 0.0160695 0.0223065 0.0452756 0.0
