10
0.0 0.0379797 0.0228973 0.0256578 0.039682 0.0142795 0.0404836 0.0423498 0.0288431 0.0393403
0.0379797 0.0 0.0369775 0.0376305 0.0650344 0.0330699 0.0311216 0.0623367 0.0253604 0.0421693
0.0228973 0.0369775 0.0 0.0197581 0.0715058 0.035605 0.0461362 0.073333 0.0349812 0.0450102
0.0256578 0.0376305 0.0197581 0.0 0.0641547 0.0270934 0.041119 0.0498543 0.034222 0.0325161
0.039682 0.0650344 0.0715058 0.0641547 0.0 0.0695195 0.0878147 0.0759034 0.0671136 0.0704492
0.0142795 0.0330699 0.035605 0.0270934 0.0695195 0.0 0.0391159 0.0426786 0.0363101 0.0326673
0.0404836 0.0311216 0.0461362 0.041119 0.0878147 0.0391159 0.0 0.0674676 0.0190703 0.0442148
0.0423498 0.0623367 0.073333 0.0498543 0.0759034 0.0426786 0.0674676 0.0 0.0772384 0.0466206
0.0288431 0.0253604 0.0349812 0.034222 0.0671136 0.0363101 0.0190703 0.0772384 0.0 0.0462794
0.0393403 0.0421693 0.0450102 0.0325161 0.0704492 0.0326673 0.0442148 0.0466206 0.0462794 0.0
