16
0.0 0.018642 0.0176986 0.0265807 0.0247672 0.0283894 0.00641778 0.00182432 0.0208407 0.0203886 0.0188276 0.0202668 0.0171129 0.0165144 0.017738 0.0127683
0.018642 0.0 0.0206723 0.026004 0.0189413 0.0280052 0.0215544 0.0200319 0.0241895 0.0243317 0.0244341 0.02477 0.0187581 0.0174499 0.0167968 0.0185468
0.0176986 0.0206723 0.0 0.0257941 0.0218732 0.0266738 0.0161059 0.0203682 0.0311789 0.0306806 0.0262512 0.0280518 0.0233491 0.0215929 0.0233898 0.0234876
0.0265807 0.026004 0.0257941 0.0 0.0412311 0.00136423 0.0580548 0.0622199 0.069158 0.0695571 0.0690784 0.0653496 0.0589275 0.0569715 0.0594999 0.0602835
0.0247672 0.0189413 0.0218732 0.0412311 0.0 0.0267256 0.0347417 0.0408229 0.0405752 0.0401522 0.0385776 0.0394018 0.0378924 0.0366083 0.0373798 0.0356491
0.0283894 0.0280052 0.0266738 0.00136423 0.0267256 0.0 0.0598809 0.0632609 0.0696893 0.0703898 0.0692252 0.0656054 0.0592167 0.0572355 0.0606873 0.0611312
0.00641778 0.0215544 0.0161059 0.0580548 0.0347417 0.0598809 0.0 0.00919682 0.0258058 0.0244015 0.0255789 0.0256858 0.0208893 0.021377 0.0220192 0.0211796
0.00182432 0.0200319 0.0203682 0.0622199 0.0408229 0.0632609 0.00919682 0.0 0.0202403 0.0204098 0.0185295 0.0190081 0.0171839 0.0168777 0.0181609 0.0136366
0.0208407 0.0241895 0.0311789 0.069158 0.0405752 0.0696893 0.0258058 0.0202403 0.0 0.00712993 0.0239375 0.0198653 0.0323993 0.0328625 0.0326342 0.0165631
0.0203886 0.0243317 0.0306806 0.0695571 0.0401522 0.0703898 0.0244015 0.0204098 0.00712993 0.0 0.0233095 0.0170706 0.0323355 0.0323663 0.0307409 0.0155659
0.0188276 0.0244341 0.0262512 0.0690784 0.0385776 0.0692252 0.0255789 0.0185295 0.0239375 0.0233095 0.0 0.00988801 0.0272353 0.0262867 0.0317104 0.0130031
0.0202668 0.02477 0.0280518 0.0653496 0.0394018 0.0656054 0.0256858 0.0190081 0.0198653 0.0170706 0.00988801 0.0 0.017647 0.0208122 0.0286239 0.0120683
0.0171129 0.0187581 0.0233491 0.0589275 0.0378924 0.0592167 0.0208893 0.0171839 0.0323993 0.0323355 0.0272353 0.017647 0.0 0.00563321 0.013921 0.0141961
0.0165144 0.0174499 0.0215929 0.0569715 0.0366083 0.0572355 0.021377 0.0168777 0.0328625 0.0323663 0.0262867 0.0208122 0.00563321 0.0 0.012014 0.011981
0.017738 0.0167968 0.0233898 0.0594999 0.0373798 0.0606873 0.0220192 0.0181609 0.0326342 0.0307409 0.0317104 0.0286239 0.013921 0.012014 0.0 0.0100002
0.0127683 0.0185468 0.0234876 0.0602835 0.0356491 0.0611312 0.0211796 0.0136366 0.0165631 0.0155659 0.0130031 0.0120683 0.0141961 0.011981 0.0100002 0.0
