10
0.0 0.0213812 0.0222988 0.0214005 0.0268268 0.0304674 0.0159944 0.0267538 0.0256117 0.0225564
0.0213812 0.0 0.0259542 0.0272407 0.0303032 0.031724 0.0213059 0.0305766 0.0314018 0.0273315
0.0222988 0.0259542 0.0 0.0165722 0.0179609 0.0295133 0.0168643 0.0227403 0.0234989 0.0204248
0.0214005 0.0272407 0.0165722 0.0 0.0146348 0.0238758 0.0140411 0.0210539 0.0205395 0.0165223
0.0268268 0.0303032 0.0179609 0.0146348 0.0 0.0272315 0.019058 0.0263347 0.0265607 0.0251907
0.0304674 0.031724 0.0295133 0.0238758 0.0272315 0.0 0.0187021 0.0308954 0.0319241 0.0284287
0.0159944 0.0213059 0.0168643 0.0140411 0.019058 0.0187021 0.0 0.0292824 0.0279777 0.0249744
0.0267538 0.0305766 0.0227403 0.0210539 0.0263347 0.0308954 0.0292824 0.0 0.0253549 0.0229482
0.0256117 0.0314018 0.0234989 0.0205395 0.0265607 0.0319241 0.0279777 0.0253549 0.0 0.00930421
0.0225564 0.0273315 0.0204248 0.0165223 0.0251907 0.0284287 0.0249744 0.0229482 0.00930421 0.0
