14
0.0 0.0213812 0.0222988 0.0214005 0.0268268 0.0304674 0.0159944 0.0267538 0.0256117 0.0225564 0.0217421 0.0203837 0.0213054 0.0196966
0.0213812 0.0 0.0259542 0.0272407 0.0303032 0.031724 0.0213059 0.0305766 0.0314018 0.0273315 0.0253538 0.025834 0.0266792 0.0242611
0.0222988 0.0259542 0.0 0.0165722 0.0179609 0.0295133 0.0168643 0.0227403 0.0234989 0.0204248 0.0189789 0.0199529 0.0216214 0.0204398
0.0214005 0.0272407 0.0165722 0.0 0.0146348 0.0238758 0.0140411 0.0210539 0.0205395 0.0165223 0.0152568 0.0152438 0.0167816 0.0151325
0.0268268 0.0303032 0.0179609 0.0146348 0.0 0.0272315 0.019058 0.0263347 0.0265607 0.0251907 0.0235295 0.0219471 0.0245649 0.0233094
0.0304674 0.031724 0.0295133 0.0238758 0.0272315 0.0 0.0187021 0.0308954 0.0319241 0.0284287 0.0261282 0.0279213 0.0285915 0.0275476
0.0159944 0.0213059 0.0168643 0.0140411 0.019058 0.0187021 0.0 0.0292824 0.0279777 0.0249744 0.0232318 0.0234974 0.0231351 0.022527
0.0267538 0.0305766 0.0227403 0.0210539 0.0263347 0.0308954 0.0292824 0.0 0.0253549 0.0229482 0.021546 0.0196499 0.020589 0.0184112
0.0256117 0.0314018 0.0234989 0.0205395 0.0265607 0.0319241 0.0279777 0.0253549 0.0 0.00930421 0.00797681 0.00933971 0.0102507 0.0109421
0.0225564 0.0273315 0.0204248 0.0165223 0.0251907 0.0284287 0.0249744 0.0229482 0.00930421 0.0 0.000669701 0.0130103 0.0140339 0.0143084
0.0217421 0.0253538 0.0189789 0.0152568 0.0235295 0.0261282 0.0232318 0.021546 0.00797681 0.000669701 0.0 0.0125313 0.0136536 0.0138866
0.0203837 0.025834 0.0199529 0.0152438 0.0219471 0.0279213 0.0234974 0.0196499 0.00933971 0.0130103 0.0125313 0.0 0.00550627 0.00578149
0.0213054 0.0266792 0.0216214 0.0167816 0.0245649 0.0285915 0.0231351 0.020589 0.0102507 0.0140339 0.0136536 0.00550627 0.0 0.0023997
0.0196966 0.0242611 0.0204398 0.0151325 0.0233094 0.0275476 0.022527 0.0184112 0.0109421 0.0143084 0.0138866 0.00578149 0.0023997 0.0
