18
0.0 0.0213812 0.0222988 0.0214005 0.0268268 0.0304674 0.0159944 0.0267538 0.0256117 0.0225564 0.0217421 0.0203837 0.0213054 0.0196966 0.0276924 0.0266174 0.0264278 0.0253187
0.0213812 0.0 0.0259542 0.0272407 0.0303032 0.031724 0.0213059 0.0305766 0.0314018 0.0273315 0.0253538 0.025834 0.0266792 0.0242611 0.0295355 0.02622 0.026405 0.0276669
0.0222988 0.0259542 0.0 0.0165722 0.0179609 0.0295133 0.0168643 0.0227403 0.0234989 0.0204248 0.0189789 0.0199529 0.0216214 0.0204398 0.0258043 0.0223225 0.0225868 0.0243593
0.0214005 0.0272407 0.0165722 0.0 0.0146348 0.0238758 0.0140411 0.0210539 0.0205395 0.0165223 0.0152568 0.0152438 0.0167816 0.0151325 0.0212627 0.0182867 0.0183036 0.0197373
0.0268268 0.0303032 0.0179609 0.0146348 0.0 0.0272315 0.019058 0.0263347 0.0265607 0.0251907 0.0235295 0.0219471 0.0245649 0.0233094 0.0267132 0.0243133 0.0243312 0.0265219
0.0304674 0.031724 0.0295133 0.0238758 0.0272315 0.0 0.0187021 0.0308954 0.0319241 0.0284287 0.0261282 0.0279213 0.0285915 0.0275476 0.0331313 0.031037 0.033015 0.0296419
0.0159944 0.0213059 0.0168643 0.0140411 0.019058 0.0187021 0.0 0.0292824 0.0279777 0.0249744 0.0232318 0.0234974 0.0231351 0.022527 0.0299732 0.0274703 0.0282521 0.0279768
0.0267538 0.0305766 0.0227403 0.0210539 0.0263347 0.0308954 0.0292824 0.0 0.0253549 0.0229482 0.021546 0.0196499 0.020589 0.0184112 0.0260014 0.0220637 0.0223246 0.0237238
0.0256117 0.0314018 0.0234989 0.0205395 0.0265607 0.0319241 0.0279777 0.0253549 0.0 0.00930421 0.00797681 0.00933971 0.0102507 0.0109421 0.0170826 0.0176169 0.0161006 0.015825
0.0225564 0.0273315 0.0204248 0.0165223 0.0251907 0.0284287 0.0249744 0.0229482 0.00930421 0.0 0.000669701 0.0130103 0.0140339 0.0143084 0.0183043 0.0174656 0.0178517 0.0181152
0.0217421 0.0253538 0.0189789 0.0152568 0.0235295 0.0261282 0.0232318 0.021546 0.00797681 0.000669701 0.0 0.0125313 0.0136536 0.0138866 0.0173556 0.0171613 0.0169723 0.0175254
0.0203837 0.025834 0.0199529 0.0152438 0.0219471 0.0279213 0.0234974 0.0196499 0.00933971 0.0130103 0.0125313 0.0 0.00550627 0.00578149 0.0157383 0.0164601 0.0146704 0.0141917
0.0213054 0.0266792 0.0216214 0.0167816 0.0245649 0.0285915 0.0231351 0.020589 0.0102507 0.0140339 0.0136536 0.00550627 0.0 0.0023997 0.0165156 0.0177083 0.0167931 0.0143687
0.0196966 0.0242611 0.0204398 0.0151325 0.0233094 0.0275476 0.022527 0.0184112 0.0109421 0.0143084 0.0138866 0.00578149 0.0023997 0.0 0.0180502 0.0182216 0.0157402 0.015462
0.0276924 0.0295355 0.0258043 0.0212627 0.0267132 0.0331313 0.0299732 0.0260014 0.0170826 0.0183043 0.0173556 0.0157383 0.0165156 0.0180502 0.0 0.0102428 0.00942731 0.0134835
0.0266174 0.02622 0.0223225 0.0182867 0.0243133 0.031037 0.0274703 0.0220637 0.0176169 0.0174656 0.0171613 0.0164601 0.0177083 0.0182216 0.0102428 0.0 0.00610914 0.0154157
0.0264278 0.026405 0.0225868 0.0183036 0.0243312 0.033015 0.0282521 0.0223246 0.0161006 0.0178517 0.0169723 0.0146704 0.0167931 0.0157402 0.00942731 0.00610914 0.0 0.0153802
0.0253187 0.0276669 0.0243593 0.0197373 0.0265219 0.0296419 0.0279768 0.0237238 0.015825 0.0181152 0.0175254 0.0141917 0.0143687 0.015462 0.0134835 0.0154157 0.0153802 0.0
