13
0.0 0.0732719 0.0720021 0.0670154 0.0734654 0.0805784 0.0748444 0.0645164 0.07313 0.0710522 0.0715162 0.0716919 0.066267
0.0732719 0.0 0.0355685 0.0219761 0.0332791 0.0381835 0.0365723 0.0267697 0.0307927 0.0306268 0.0299398 0.0330425 0.0249376
0.0720021 0.0355685 0.0 0.0321524 0.0184968 0.0194835 0.0183525 0.0356206 0.0399196 0.0386819 0.0392034 0.0424463 0.0348968
0.0670154 0.0219761 0.0321524 0.0 0.0300496 0.0369357 0.0314023 0.0211158 0.0248706 0.0240925 0.0226656 0.0265466 0.0154819
0.0734654 0.0332791 0.0184968 0.0300496 0.0 0.0226808 0.0207268 0.0312629 0.0366268 0.0353175 0.0367728 0.0365804 0.0329385
0.0805784 0.0381835 0.0194835 0.0369357 0.0226808 0.0 0.0197634 0.0379923 0.0423024 0.0399982 0.0415199 0.0461443 0.0366962
0.0748444 0.0365723 0.0183525 0.0314023 0.0207268 0.0197634 0.0 0.0358087 0.0387468 0.0375146 0.0394442 0.0421845 0.0331857
0.0645164 0.0267697 0.0356206 0.0211158 0.0312629 0.0379923 0.0358087 0.0 0.0183768 0.0133183 0.0207241 0.0181991 0.0236537
0.07313 0.0307927 0.0399196 0.0248706 0.0366268 0.0423024 0.0387468 0.0183768 0.0 0.0210588 0.0221394 0.025977 0.0276438
0.0710522 0.0306268 0.0386819 0.0240925 0.0353175 0.0399982 0.0375146 0.0133183 0.0210588 0.0 0.0219789 0.0233931 0.0258092
0.0715162 0.0299398 0.0392034 0.0226656 0.0367728 0.0415199 0.0394442 0.0207241 0.0221394 0.0219789 0.0 0.0261271 0.0266097
0.0716919 0.0330425 0.0424463 0.0265466 0.0365804 0.0461443 0.0421845 0.0181991 0.025977 0.0233931 0.0261271 0.0 0.0287834
0.066267 0.0249376 0.0348968 0.0154819 0.0329385 0.0366962 0.0331857 0.0236537 0.0276438 0.0258092 0.0266097 0.0287834 0.0
