16
0.0 0.0732719 0.0720021 0.0670154 0.0734654 0.0805784 0.0748444 0.0645164 0.07313 0.0710522 0.0715162 0.0716919 0.066267 0.0681984 0.0729208 0.0723152
0.0732719 0.0 0.0355685 0.0219761 0.0332791 0.0381835 0.0365723 0.0267697 0.0307927 0.0306268 0.0299398 0.0330425 0.0249376 0.0244386 0.0280657 0.0268835
0.0720021 0.0355685 0.0 0.0321524 0.0184968 0.0194835 0.0183525 0.0356206 0.0399196 0.0386819 0.0392034 0.0424463 0.0348968 0.0356001 0.0378766 0.0402481
0.0670154 0.0219761 0.0321524 0.0 0.0300496 0.0369357 0.0314023 0.0211158 0.0248706 0.0240925 0.0226656 0.0265466 0.0154819 0.0201399 0.0223614 0.0231309
0.0734654 0.0332791 0.0184968 0.0300496 0.0 0.0226808 0.0207268 0.0312629 0.0366268 0.0353175 0.0367728 0.0365804 0.0329385 0.0328465 0.0361846 0.0352878
0.0805784 0.0381835 0.0194835 0.0369357 0.0226808 0.0 0.0197634 0.0379923 0.0423024 0.0399982 0.0415199 0.0461443 0.0366962 0.0370983 0.0418601 0.0426976
0.0748444 0.0365723 0.0183525 0.0314023 0.0207268 0.0197634 0.0 0.0358087 0.0387468 0.0375146 0.0394442 0.0421845 0.0331857 0.0350684 0.037166 0.0384287
0.0645164 0.0267697 0.0356206 0.0211158 0.0312629 0.0379923 0.0358087 0.0 0.0183768 0.0133183 0.0207241 0.0181991 0.0236537 0.0264791 0.0282764 0.0279192
0.07313 0.0307927 0.0399196 0.0248706 0.0366268 0.0423024 0.0387468 0.0183768 0.0 0.0210588 0.0221394 0.025977 0.0276438 0.0297488 0.0312003 0.0315204
0.0710522 0.0306268 0.0386819 0.0240925 0.0353175 0.0399982 0.0375146 0.0133183 0.0210588 0.0 0.0219789 0.0233931 0.0258092 0.0285112 0.0321313 0.0320172
0.0715162 0.0299398 0.0392034 0.0226656 0.0367728 0.0415199 0.0394442 0.0207241 0.0221394 0.0219789 0.0 0.0261271 0.0266097 0.0276571 0.0307374 0.0304384
0.0716919 0.0330425 0.0424463 0.0265466 0.0365804 0.0461443 0.0421845 0.0181991 0.025977 0.0233931 0.0261271 0.0 0.0287834 0.0297567 0.0321342 0.0327849
0.066267 0.0249376 0.0348968 0.0154819 0.0329385 0.0366962 0.0331857 0.0236537 0.0276438 0.0258092 0.0266097 0.0287834 0.0 0.0236371 0.0255394 0.0238557
0.0681984 0.0244386 0.0356001 0.0201399 0.0328465 0.0370983 0.0350684 0.0264791 0.0297488 0.0285112 0.0276571 0.0297567 0.0236371 0.0 0.0260559 0.0262922
0.0729208 0.0280657 0.0378766 0.0223614 0.0361846 0.0418601 0.037166 0.0282764 0.0312003 0.0321313 0.0307374 0.0321342 0.0255394 0.0260559 0.0 0.0204465
0.0723152 0.0268835 0.0402481 0.0231309 0.0352878 0.0426976 0.0384287 0.0279192 0.0315204 0.0320172 0.0304384 0.0327849 0.0238557 0.0262922 0.0204465 0.0
