20
0.0 0.045645 0.0466715 0.051855 0.0407546 0.0425285 0.040026 0.0460072 0.0407953 0.0577773 0.0580103 0.0543339 0.0516945 0.0425933 0.0526316 0.0469191 0.0458422 0.039403 0.0403531 0.0374541
0.045645 0.0 0.042104 0.036619 0.0304625 0.0382181 0.029363 0.0311819 0.030744 0.038959 0.0430802 0.0365925 0.0403872 0.026458 0.0376537 0.0306107 0.026913 0.0259761 0.0250317 0.0220097
0.0466715 0.042104 0.0 0.028924 0.032422 0.0398161 0.028985 0.0374709 0.033733 0.0455603 0.0476114 0.0401529 0.0495592 0.0334684 0.0518452 0.0431344 0.0333359 0.0295066 0.0308628 0.0285726
0.051855 0.036619 0.028924 0.0 0.0268406 0.0319485 0.0236265 0.030976 0.0276836 0.0465167 0.0504865 0.0402422 0.0436027 0.0306285 0.0450593 0.0393387 0.0314033 0.0290811 0.0310697 0.0241507
0.0407546 0.0304625 0.032422 0.0268406 0.0 0.0251751 0.020987 0.0276382 0.0209756 0.0385111 0.0394649 0.0339242 0.0330148 0.0224164 0.0360285 0.0302002 0.0248859 0.0200743 0.0225415 0.0179764
0.0425285 0.0382181 0.0398161 0.0319485 0.0251751 0.0 0.0246199 0.0288844 0.0230646 0.0434381 0.0433167 0.0370848 0.0342328 0.0240976 0.03843 0.0304282 0.0255039 0.0227011 0.0250325 0.0212894
0.040026 0.029363 0.028985 0.0236265 0.020987 0.0246199 0.0 0.00743274 0.011715 0.0260157 0.0209124 0.0222624 0.0320761 0.0216513 0.0253358 0.029279 0.0247743 0.0200557 0.0215657 0.0206738
0.0460072 0.0311819 0.0374709 0.030976 0.0276382 0.0288844 0.00743274 0.0 0.01441 0.0261544 0.0233857 0.0248715 0.0335149 0.0209707 0.0255493 0.0281873 0.0217622 0.0201095 0.0210585 0.0216223
0.0407953 0.030744 0.033733 0.0276836 0.0209756 0.0230646 0.011715 0.01441 0.0 0.0287038 0.0302168 0.0293232 0.0318084 0.0247473 0.0310585 0.0299346 0.0269172 0.0213813 0.0237502 0.022378
0.0577773 0.038959 0.0455603 0.0465167 0.0385111 0.0434381 0.0260157 0.0261544 0.0287038 0.0 0.0247308 0.0176228 0.0266971 0.0190751 0.0265987 0.0250689 0.0185012 0.0197124 0.0201974 0.0207114
0.0580103 0.0430802 0.0476114 0.0504865 0.0394649 0.0433167 0.0209124 0.0233857 0.0302168 0.0247308 0.0 0.0196488 0.0294505 0.0248563 0.027308 0.0326003 0.0234149 0.0251828 0.0248343 0.0253427
0.0543339 0.0365925 0.0401529 0.0402422 0.0339242 0.0370848 0.0222624 0.0248715 0.0293232 0.0176228 0.0196488 0.0 0.027787 0.0236062 0.0260506 0.0306997 0.0231334 0.0228442 0.02307 0.0234338
0.0516945 0.0403872 0.0495592 0.0436027 0.0330148 0.0342328 0.0320761 0.0335149 0.0318084 0.0266971 0.0294505 0.027787 0.0 0.0198678 0.0182661 0.0218445 0.0229639 0.0193069 0.0202108 0.0163428
0.0425933 0.026458 0.0334684 0.0306285 0.0224164 0.0240976 0.0216513 0.0209707 0.0247473 0.0190751 0.0248563 0.0236062 0.0198678 0.0 0.0138889 0.016377 0.0222903 0.0146215 0.0160905 0.0159285
0.0526316 0.0376537 0.0518452 0.0450593 0.0360285 0.03843 0.0253358 0.0255493 0.0310585 0.0265987 0.027308 0.0260506 0.0182661 0.0138889 0.0 0.0150905 0.016125 0.0128706 0.0163687 0.012218
0.0469191 0.0306107 0.0431344 0.0393387 0.0302002 0.0304282 0.029279 0.0281873 0.0299346 0.0250689 0.0326003 0.0306997 0.0218445 0.016377 0.0150905 0.0 0.0143544 0.00741642 0.0108187 0.0116092
0.0458422 0.026913 0.0333359 0.0314033 0.0248859 0.0255039 0.0247743 0.0217622 0.0269172 0.0185012 0.0234149 0.0231334 0.0229639 0.0222903 0.016125 0.0143544 0.0 0.0141811 0.0150439 0.0158657
0.039403 0.0259761 0.0295066 0.0290811 0.0200743 0.0227011 0.0200557 0.0201095 0.0213813 0.0197124 0.0251828 0.0228442 0.0193069 0.0146215 0.0128706 0.00741642 0.0141811 0.0 0.00698644 0.00758845
0.0403531 0.0250317 0.0308628 0.0310697 0.0225415 0.0250325 0.0215657 0.0210585 0.0237502 0.0201974 0.0248343 0.02307 0.0202108 0.0160905 0.0163687 0.0108187 0.0150439 0.00698644 0.0 0.0109148
0.0374541 0.0220097 0.0285726 0.0241507 0.0179764 0.0212894 0.0206738 0.0216223 0.022378 0.0207114 0.0253427 0.0234338 0.0163428 0.0159285 0.012218 0.0116092 0.0158657 0.00758845 0.0109148 0.0
