19
0.0 0.0121817 0.010468 0.0110095 0.00927757 0.00948805 0.010097 0.0184864 0.0184652 0.0181239 0.0158827 0.0147175 0.0165857 0.0149578 0.016555 0.0165862 0.0175336 0.0169586 0.0215191
0.0121817 0.0 0.00936961 0.0091492 0.00720285 0.00893236 0.00893713 0.0187851 0.018675 0.0188763 0.017343 0.0159922 0.0188797 0.0178904 0.0178611 0.0171775 0.0182963 0.0186526 0.0228123
0.010468 0.00936961 0.0 5.55112e-17 0.00691532 0.0068765 0.00802352 0.0151035 0.0150691 0.016802 0.014743 0.0157015 0.0160786 0.0152267 0.0154041 0.0145851 0.01586 0.015654 0.0197194
0.0110095 0.0091492 5.55112e-17 0.0 0.00585712 0.00695306 0.00765871 0.0140276 0.0141741 0.0154121 0.0142635 0.0144807 0.0147873 0.0147511 0.0142951 0.0129216 0.0142981 0.0153378 0.0188369
0.00927757 0.00720285 0.00691532 0.00585712 0.0 0.00397871 0.00453495 0.0153804 0.0152752 0.0145982 0.0153293 0.0139046 0.0137446 0.0137587 0.014051 0.012653 0.0139289 0.0140152 0.018938
0.00948805 0.00893236 0.0068765 0.00695306 0.00397871 0.0 0.00242343 0.0163326 0.0161994 0.0168558 0.0152805 0.0148816 0.0160308 0.0151091 0.0163534 0.0153959 0.0166326 0.0149869 0.0206813
0.010097 0.00893713 0.00802352 0.00765871 0.00453495 0.00242343 0.0 0.0141272 0.0140784 0.0140466 0.0137068 0.012804 0.0136606 0.013596 0.0138227 0.0123028 0.0136593 0.01294 0.018279
0.0184864 0.0187851 0.0151035 0.0140276 0.0153804 0.0163326 0.0141272 0.0 0.00216775 0.0104825 0.0104293 0.010417 0.010029 0.0103179 0.00972865 0.00843894 0.00969181 0.0136813 0.0184083
0.0184652 0.018675 0.0150691 0.0141741 0.0152752 0.0161994 0.0140784 0.00216775 0.0 0.0102142 0.0102099 0.00973008 0.0097972 0.0100879 0.00952236 0.00820719 0.00946008 0.0133386 0.0178871
0.0181239 0.0188763 0.016802 0.0154121 0.0145982 0.0168558 0.0140466 0.0104825 0.0102142 0.0 0.00540314 0.00434659 0.00356281 0.00418373 0.00449226 0.00362758 0.00469802 0.0149387 0.0196125
0.0158827 0.017343 0.014743 0.0142635 0.0153293 0.0152805 0.0137068 0.0104293 0.0102099 0.00540314 0.0 0.00658911 0.00560473 0.00495045 0.00538144 0.00657739 0.00712229 0.0170797 0.0243137
0.0147175 0.0159922 0.0157015 0.0144807 0.0139046 0.0148816 0.012804 0.010417 0.00973008 0.00434659 0.00658911 0.0 0.00559935 0.00540103 0.00624392 0.0057437 0.00620856 0.0170597 0.0239923
0.0165857 0.0188797 0.0160786 0.0147873 0.0137446 0.0160308 0.0136606 0.010029 0.0097972 0.00356281 0.00560473 0.00559935 0.0 0.000933507 0.0026114 0.0017466 0.00284601 0.0137026 0.0190283
0.0149578 0.0178904 0.0152267 0.0147511 0.0137587 0.0151091 0.013596 0.0103179 0.0100879 0.00418373 0.00495045 0.00540103 0.000933507 0.0 0.00335661 0.00318769 0.00380404 0.0146351 0.021544
0.016555 0.0178611 0.0154041 0.0142951 0.014051 0.0163534 0.0138227 0.00972865 0.00952236 0.00449226 0.00538144 0.00624392 0.0026114 0.00335661 0.0 0.00312795 0.00385487 0.0152956 0.0206346
0.0165862 0.0171775 0.0145851 0.0129216 0.012653 0.0153959 0.0123028 0.00843894 0.00820719 0.00362758 0.00657739 0.0057437 0.0017466 0.00318769 0.00312795 0.0 0.0016874 0.0140817 0.0199617
0.0175336 0.0182963 0.01586 0.0142981 0.0139289 0.0166326 0.0136593 0.00969181 0.00946008 0.00469802 0.00712229 0.00620856 0.00284601 0.00380404 0.00385487 0.0016874 0.0 0.0149891 0.0202616
0.0169586 0.0186526 0.015654 0.0153378 0.0140152 0.0149869 0.01294 0.0136813 0.0133386 0.0149387 0.0170797 0.0170597 0.0137026 0.0146351 0.0152956 0.0140817 0.0149891 0.0 0.0148811
0.0215191 0.0228123 0.0197194 0.0188369 0.018938 0.0206813 0.018279 0.0184083 0.0178871 0.0196125 0.0243137 0.0239923 0.0190283 0.021544 0.0206346 0.0199617 0.0202616 0.0148811 0.0
