19
0.0 0.0130003 0.0090773 0.0135272 0.0164381 0.0147174 0.00943155 0.00798395 0.0134792 0.0046528 0.00428009 0.0133962 0.0146341 0.0160713 0.0137997 0.0106781 0.0113084 0.0104002 0.0102717
0.0130003 0.0 0.0119499 0.0198017 0.0182178 0.0113263 0.00767332 0.0173035 0.0134402 0.0118916 0.0105761 0.0159711 0.0214906 0.0159821 0.0144071 0.0121043 0.0118801 0.0112285 0.0116069
0.0090773 0.0119499 0.0 0.0121466 0.0140504 0.012555 0.00773439 0.00966624 0.0119399 0.00502141 0.00430848 0.0117573 0.0157457 0.0113175 0.0123876 0.0103126 0.00911236 0.00894295 0.00742881
0.0135272 0.0198017 0.0121466 0.0 0.0093568 0.0189139 0.0181182 0.0160293 0.0172028 0.0143379 0.0135571 0.0183506 0.0238238 0.0211747 0.0179031 0.0140099 0.0133518 0.0128752 0.0138529
0.0164381 0.0182178 0.0140504 0.0093568 0.0 0.0196443 0.0178919 0.0166524 0.0173082 0.0129675 0.012724 0.0186523 0.022386 0.0218803 0.0178098 0.0150498 0.0137194 0.0131634 0.0133387
0.0147174 0.0113263 0.012555 0.0189139 0.0196443 0.0 0.0071798 0.0154693 0.0146492 0.00261537 0.00343859 0.0172532 0.0180479 0.0132865 0.0158044 0.0119064 0.011936 0.0113515 0.0119191
0.00943155 0.00767332 0.00773439 0.0181182 0.0178919 0.0071798 0.0 0.0160932 0.0155408 0.0119445 0.00997603 0.0171653 0.0196752 0.0174739 0.015777 0.0137349 0.0122573 0.0107551 0.0108993
0.00798395 0.0173035 0.00966624 0.0160293 0.0166524 0.0154693 0.0160932 0.0 0.0128541 0.00892551 0.00840418 0.0127326 0.0154006 0.0131229 0.012665 0.0115302 0.0111875 0.0116113 0.0124646
0.0134792 0.0134402 0.0119399 0.0172028 0.0173082 0.0146492 0.0155408 0.0128541 0.0 0.00921274 0.00937445 0.00502193 0.0193452 0.0158192 0.00328211 0.00508852 0.00758444 0.0103335 0.0115043
0.0046528 0.0118916 0.00502141 0.0143379 0.0129675 0.00261537 0.0119445 0.00892551 0.00921274 0.0 0.00165387 0.0143149 0.025071 0.0146113 0.0138735 0.0102531 0.0105137 0.00949057 0.0100841
0.00428009 0.0105761 0.00430848 0.0135571 0.012724 0.00343859 0.00997603 0.00840418 0.00937445 0.00165387 0.0 0.0148789 0.024417 0.0169878 0.0138528 0.0104785 0.0108898 0.00915467 0.00969213
0.0133962 0.0159711 0.0117573 0.0183506 0.0186523 0.0172532 0.0171653 0.0127326 0.00502193 0.0143149 0.0148789 0.0 0.0215363 0.0188947 0.00384625 0.00595296 0.00773306 0.0106 0.0116801
0.0146341 0.0214906 0.0157457 0.0238238 0.022386 0.0180479 0.0196752 0.0154006 0.0193452 0.025071 0.024417 0.0215363 0.0 0.022165 0.0177221 0.014239 0.0141134 0.0123863 0.0127459
0.0160713 0.0159821 0.0113175 0.0211747 0.0218803 0.0132865 0.0174739 0.0131229 0.0158192 0.0146113 0.0169878 0.0188947 0.022165 0.0 0.016039 0.0125691 0.0123929 0.0121206 0.0136229
0.0137997 0.0144071 0.0123876 0.0179031 0.0178098 0.0158044 0.015777 0.012665 0.00328211 0.0138735 0.0138528 0.00384625 0.0177221 0.016039 0.0 0.00457518 0.0058705 0.00870746 0.00995863
0.0106781 0.0121043 0.0103126 0.0140099 0.0150498 0.0119064 0.0137349 0.0115302 0.00508852 0.0102531 0.0104785 0.00595296 0.014239 0.0125691 0.00457518 0.0 0.00552777 0.00728284 0.00834022
0.0113084 0.0118801 0.00911236 0.0133518 0.0137194 0.011936 0.0122573 0.0111875 0.00758444 0.0105137 0.0108898 0.00773306 0.0141134 0.0123929 0.0058705 0.00552777 0.0 0.00300396 0.00299349
0.0104002 0.0112285 0.00894295 0.0128752 0.0131634 0.0113515 0.0107551 0.0116113 0.0103335 0.00949057 0.00915467 0.0106 0.0123863 0.0121206 0.00870746 0.00728284 0.00300396 0.0 0.00199033
0.0102717 0.0116069 0.00742881 0.0138529 0.0133387 0.0119191 0.0108993 0.0124646 0.0115043 0.0100841 0.00969213 0.0116801 0.0127459 0.0136229 0.00995863 0.00834022 0.00299349 0.00199033 0.0
